-2.851940989494323730e-01
2.605631649494171143e-01
1.109532148742566005e+00
3.355304699051053330e+00
4.710207946645423860e+00
7.603207257693129772e-01
-1.476920818387105427e+01
2.975543498992919922e+00
3.244207143783569336e+00
2.289024389555187167e+00
4.614545706154633997e+00
3.786232809896487250e+00
8.288312699614838186e-01
2.844835388266931719e+00
-6.737199783325195312e+00
5.025403976440429688e+00
8.307510459901870092e+00
1.812061743148325466e+00
1.499277955120283501e+00
3.090648026086771250e+00
-7.959431890776292873e-01
5.707880219873987215e+01
3.658862742759287556e+01
7.430273646943977894e+01
2.618509797708898468e+00
2.513147602737165975e+00
1.281343438303742843e+01
9.128723271886447499e-01
